0.707306
0.238197
0.103144
0.087179
0.127805
0.139783
0.129721
0.098053
0.062899
0.062877
0.096227
0.167412
0.477791
0.700463
0.166452
0.107003
0.127379
0.112520
0.085830
0.055663
0.032210
0.029514
0.039954
0.055286
0.098025
0.533208
0.707306
0.547403
0.201421
0.173361
0.120513
0.077558
0.045010
0.024394
0.021297
0.027206
0.034289
0.050319
0.167589
0.238197
0.700463
0.805135
0.346394
0.163413
0.085902
0.044669
0.022858
0.019210
0.023561
0.028118
0.037745
0.099852
0.103144
0.166452
0.547403
0.807259
0.192115
0.076360
0.035060
0.016960
0.013788
0.016375
0.018810
0.023981
0.056421
0.087179
0.107003
0.201421
0.805135
0.523278
0.123908
0.046203
0.020626
0.016125
0.018573
0.020653
0.025324
0.055200
0.127805
0.127379
0.173361
0.346394
0.807259
0.572174
0.132113
0.049236
0.035516
0.038756
0.040945
0.047533
0.094370
0.139783
0.112520
0.120513
0.163413
0.192115
0.523278
0.556746
0.128522
0.075057
0.072547
0.069442
0.073292
0.126141
0.129721
0.085830
0.077558
0.085902
0.076360
0.123908
0.572174
0.567271
0.195311
0.143221
0.113982
0.103276
0.146639
0.098053
0.055663
0.045010
0.044669
0.035060
0.046203
0.132113
0.556746
0.791515
0.295482
0.165496
0.120278
0.137020
0.062899
0.032210
0.024394
0.022858
0.016960
0.020626
0.049236
0.128522
0.567271
0.734349
0.214164
0.113727
0.104089
0.062877
0.029514
0.021297
0.019210
0.013788
0.016125
0.035516
0.075057
0.195311
0.791515
0.607385
0.179398
0.123308
0.096227
0.039954
0.027206
0.023561
0.016375
0.018573
0.038756
0.072547
0.143221
0.295482
0.734349
0.644659
0.251274
0.167412
0.055286
0.034289
0.028118
0.018810
0.020653
0.040945
0.069442
0.113982
0.165496
0.214164
0.607385
0.790690
0.477791
0.098025
0.050319
0.037745
0.023981
0.025324
0.047533
0.073292
0.103276
0.120278
0.113727
0.179398
0.644659
0.533208
0.167589
0.099852
0.056421
0.055200
0.094370
0.126141
0.146639
0.137020
0.104089
0.123308
0.251274
0.790690
